Current: [0.0017797725153365922, 1.5711948112583454e-05], Target: [2.797044277191162, 1.2968125343322754]
Current: [2.8718341026267113, 1.4484150708593808], Target: [4.570475101470947, -0.11231088638305664]

Current: [0.0004599285557045061, 1.0239757061584351e-05], Target: [1.6501103639602661, 2.884998321533203]
Current: [0.0015762773402459864, 3.2880447426594613e-06], Target: [1.6960245370864868, 2.8337044715881348]

